0,5179.967300,5179.967300,315.302200,0.000000,63828008
1,4755.562200,4755.562200,316.303500,0.000000,63828008
2,43.041500,43.041500,3.002900,0.000000,563768
3,3474.333000,3474.333000,218.209600,0.000000,47626728
4,209.201000,209.201000,12.011800,0.000000,2885668
5,1224.174200,1224.174200,79.075600,0.000000,16306320
6,284.272700,284.272700,17.016600,0.000000,3917164
7,307.295100,307.295100,22.021900,0.000000,3917164
8,2152.063800,2152.063800,136.130800,0.000000,28541716
9,148.142100,148.142100,8.007900,0.000000,2075280
10,171.165000,171.165000,12.011800,0.000000,2353432
11,184.176700,184.176700,10.009600,0.000000,2419520
12,4851.654100,4851.654100,290.278800,0.000000,63828008
13,4737.545200,4737.545200,304.291900,0.000000,63828008
14,44.042200,44.042200,3.002600,0.000000,563768
15,3483.341400,3483.341400,216.207400,0.000000,47626728
16,209.201000,209.201000,12.011500,0.000000,2885668
17,1250.199600,1250.199600,75.072300,0.000000,16306320
18,304.292400,304.292400,16.015600,0.000000,3917164
19,297.286000,297.286000,17.016900,0.000000,3917164
20,2207.116800,2207.116800,135.129600,0.000000,28541716
21,148.141900,148.141900,8.007700,0.000000,2075280
22,173.166300,173.166300,11.010900,0.000000,2353432
23,188.180500,188.180500,12.012100,0.000000,2419520
24,5013.809600,5013.809600,289.277700,0.000000,63828008
25,4625.437300,4625.437300,279.267900,0.000000,63828008
26,42.041100,42.041100,2.002200,0.000000,563768
27,3560.415600,3560.415600,221.212500,0.000000,47626728
28,219.209800,219.209800,11.010500,0.000000,2885668
29,1232.182500,1232.182500,93.089300,0.000000,16306320
30,283.271300,283.271300,17.016600,0.000000,3917164
31,337.323600,337.323600,18.017300,0.000000,3917164
32,2209.119300,2209.119300,128.122900,0.000000,28541716
33,149.143800,149.143800,9.008400,0.000000,2075280
34,169.162800,169.162800,11.010800,0.000000,2353432
35,214.205500,214.205500,11.010600,0.000000,2419520
36,4923.723200,4923.723200,293.281400,0.000000,63828008
37,4643.456700,4643.456700,282.271000,0.000000,63828008
38,43.041800,43.041800,3.003100,0.000000,563768
39,3529.385900,3529.385900,210.201900,0.000000,47626728
40,208.199500,208.199500,12.012000,0.000000,2885668
41,1214.165100,1214.165100,78.075100,0.000000,16306320
42,288.276800,288.276800,16.015400,0.000000,3917164
43,285.273500,285.273500,16.015300,0.000000,3917164
44,2164.075500,2164.075500,133.127900,0.000000,28541716
45,172.165000,172.165000,9.008900,0.000000,2075280
46,173.166400,173.166400,12.011800,0.000000,2353432
47,219.210300,219.210300,15.015400,0.000000,2419520
48,4898.698200,4898.698200,291.279700,0.000000,63828008
49,4720.529100,4720.529100,302.290000,0.000000,63828008
50,43.042100,43.042100,3.002800,0.000000,563768
51,3502.360200,3502.360200,228.218900,0.000000,47626728
52,207.199500,207.199500,11.010600,0.000000,2885668
53,1233.182700,1233.182700,78.075200,0.000000,16306320
54,283.271800,283.271800,18.017200,0.000000,3917164
55,289.277700,289.277700,16.015600,0.000000,3917164
56,2151.063500,2151.063500,130.125100,0.000000,28541716
57,152.145900,152.145900,8.007700,0.000000,2075280
58,188.181000,188.181000,10.010100,0.000000,2353432
59,221.212000,221.212000,12.011800,0.000000,2419520
60,4944.743600,4944.743600,289.277500,0.000000,63828008
61,4620.432600,4620.432600,306.293800,0.000000,63828008
62,42.040800,42.040800,3.002900,0.000000,563768
63,3449.309300,3449.309300,226.217100,0.000000,47626728
64,213.204600,213.204600,12.011500,0.000000,2885668
65,1214.164800,1214.164800,74.071300,0.000000,16306320
66,288.276800,288.276800,18.017500,0.000000,3917164
67,333.319700,333.319700,16.015600,0.000000,3917164
68,2170.081300,2170.081300,134.128700,0.000000,28541716
69,147.141100,147.141100,8.008000,0.000000,2075280
70,174.167300,174.167300,11.011100,0.000000,2353432
71,217.208100,217.208100,11.010800,0.000000,2419520
72,4926.726600,4926.726600,320.307500,0.000000,63828008
73,4705.514400,4705.514400,288.276800,0.000000,63828008
74,42.040400,42.040400,3.002900,0.000000,563768
75,3534.390700,3534.390700,233.223700,0.000000,47626728
76,207.199000,207.199000,11.010800,0.000000,2885668
77,1244.194100,1244.194100,93.089800,0.000000,16306320
78,281.270100,281.270100,16.015600,0.000000,3917164
79,287.275400,287.275400,18.017600,0.000000,3917164
80,2125.038900,2125.038900,123.118600,0.000000,28541716
81,148.142200,148.142200,8.007700,0.000000,2075280
82,191.183700,191.183700,16.015100,0.000000,2353432
83,193.185900,193.185900,10.009900,0.000000,2419520
84,4973.771500,4973.771500,323.310200,0.000000,63828008
85,4686.495900,4686.495900,284.273000,0.000000,63828008
86,42.039800,42.039800,3.002600,0.000000,563768
87,3499.357300,3499.357300,247.237500,0.000000,47626728
88,206.198000,206.198000,12.011800,0.000000,2885668
89,1266.214400,1266.214400,90.087000,0.000000,16306320
90,288.276600,288.276600,16.015100,0.000000,3917164
91,285.273700,285.273700,16.015600,0.000000,3917164
92,2169.080900,2169.080900,134.128700,0.000000,28541716
93,148.142300,148.142300,8.007600,0.000000,2075280
94,189.182500,189.182500,24.023300,0.000000,2353432
95,215.206200,215.206200,10.010100,0.000000,2419520
96,4920.720900,4920.720900,275.264000,0.000000,63828008
97,4691.500900,4691.500900,291.279600,0.000000,63828008
98,43.041300,43.041300,3.003200,0.000000,563768
99,3528.385200,3528.385200,253.242700,0.000000,47626728
100,207.199300,207.199300,12.011800,0.000000,2885668
101,1206.157400,1206.157400,77.074200,0.000000,16306320
102,281.270400,281.270400,17.016500,0.000000,3917164
103,305.293100,305.293100,16.015900,0.000000,3917164
104,2227.136300,2227.136300,145.139200,0.000000,28541716
105,147.140700,147.140700,9.008900,0.000000,2075280
106,193.185600,193.185600,15.014700,0.000000,2353432
107,287.276100,287.276100,13.012700,0.000000,2419520
108,4897.698300,4897.698300,291.279400,0.000000,63828008
109,4618.430900,4618.430900,279.268100,0.000000,63828008
110,42.040600,42.040600,2.001900,0.000000,563768
111,3552.408200,3552.408200,232.231500,0.000000,47626728
112,208.200000,208.200000,12.011500,0.000000,2885668
113,1255.204100,1255.204100,70.067300,0.000000,16306320
114,282.271100,282.271100,16.015100,0.000000,3917164
115,290.278500,290.278500,18.017100,0.000000,3917164
116,2190.101300,2190.101300,149.143100,0.000000,28541716
117,148.142100,148.142100,8.008000,0.000000,2075280
118,175.168000,175.168000,11.011100,0.000000,2353432
119,224.215100,224.215100,11.011100,0.000000,2419520
120,4901.702100,4901.702100,300.288300,0.000000,63828008
121,4720.528500,4720.528500,310.298200,0.000000,63828008
122,42.040600,42.040600,3.003200,0.000000,563768
123,3524.381400,3524.381400,236.226900,0.000000,47626728
124,212.203600,212.203600,11.010800,0.000000,2885668
125,1236.185900,1236.185900,75.072200,0.000000,16306320
126,281.269800,281.269800,17.016300,0.000000,3917164
127,286.274100,286.274100,16.015600,0.000000,3917164
128,2173.084200,2173.084200,133.127700,0.000000,28541716
129,150.144500,150.144500,8.007900,0.000000,2075280
130,193.186300,193.186300,11.011100,0.000000,2353432
131,205.196900,205.196900,12.012300,0.000000,2419520
132,4870.672300,4870.672300,320.307500,0.000000,63828008
133,4720.528600,4720.528600,308.296000,0.000000,63828008
134,42.040600,42.040600,3.002900,0.000000,563768
135,3536.392900,3536.392900,226.217300,0.000000,47626728
136,204.196400,204.196400,11.010800,0.000000,2885668
137,1209.160600,1209.160600,71.068400,0.000000,16306320
138,302.289800,302.289800,18.017500,0.000000,3917164
139,330.316900,330.316900,19.019000,0.000000,3917164
