0,5303.085600,5068.860900,171.164200,234.224700,33706481
1,5092.885800,4863.667600,171.163900,229.218200,33706481
2,44.042000,42.040400,2.002500,2.001600,292795
3,3870.713300,3690.541300,236.226400,179.171600,24968065
4,217.208400,207.198800,6.005800,10.009600,1494056
5,1369.312800,1311.260000,50.048300,58.052800,8474152
6,298.285900,284.273000,10.009400,14.012900,1992786
7,298.286400,284.273700,10.009300,14.012700,1992786
8,2347.251500,2242.151000,90.086500,105.100500,15269149
9,157.150500,150.143800,5.004800,7.006700,1100012
10,195.187500,173.166900,7.007000,22.020600,1254440
11,276.264300,251.241000,18.017300,25.023300,1252184
12,5330.112600,5061.856200,218.209100,268.256400,33706481
13,5018.814500,4791.597500,170.163200,227.217000,33706481
14,44.042300,42.040400,1.001000,2.001900,292795
15,3686.536300,3509.366400,128.123000,177.169900,24968065
16,218.208800,207.198800,5.004800,11.010000,1494056
17,1376.320600,1317.266200,49.047500,59.054400,8474152
18,290.278000,277.265700,10.009600,13.012300,1992786
19,326.312500,313.300500,9.008900,13.012000,1992786
20,2321.226300,2211.120900,78.074900,110.105400,15269149
21,157.150600,148.142200,6.005700,9.008400,1100012
22,180.172600,171.164500,5.005000,9.008100,1254440
23,263.251700,254.243300,6.006000,9.008400,1252184
24,5281.066100,5039.835400,170.163200,241.230700,33706481
25,5067.861800,4809.615300,172.165100,258.246500,33706481
26,44.042300,42.040300,2.001900,2.002000,292795
27,3690.540400,3507.364700,154.147900,183.175700,24968065
28,217.208700,206.198600,7.006900,11.010100,1494056
29,1324.270400,1269.218900,41.039100,55.051500,8474152
30,295.283300,281.270100,10.009600,14.013200,1992786
31,378.363500,341.328000,12.011500,37.035500,1992786
32,2375.278400,2252.160500,76.072700,123.117900,15269149
33,154.147900,147.141400,4.003900,7.006500,1100012
34,213.204300,204.196100,8.007900,9.008200,1254440
35,244.234800,219.211100,16.015600,25.023700,1252184
36,5257.043200,5018.815700,184.176500,238.227500,33706481
37,5057.852200,4800.606700,171.164200,257.245500,33706481
38,44.042300,42.040300,1.001200,2.002000,292795
39,3836.680700,3645.497600,158.151700,191.183100,24968065
40,216.207400,205.197100,7.006700,11.010300,1494056
41,1326.272300,1268.217100,41.039400,58.055200,8474152
42,298.286200,284.273200,9.008600,14.013000,1992786
43,378.363000,342.329000,12.011500,36.034000,1992786
44,2309.215100,2195.105600,90.086600,114.109500,15269149
45,155.149100,147.141400,5.004800,8.007700,1100012
46,212.203100,189.181300,16.015400,23.021800,1254440
47,292.280100,273.261900,6.005800,19.018200,1252184
48,5270.055200,5037.833700,211.203100,232.221500,33706481
49,5061.856000,4809.641400,204.195700,252.214600,33706481
50,44.042000,42.040300,1.011200,2.001700,292795
51,3703.552700,3513.370500,155.148600,190.182200,24968065
52,248.238400,238.229300,6.006300,10.009100,1494056
53,1299.246400,1244.194900,43.041100,55.051500,8474152
54,296.284500,277.266200,10.009300,19.018300,1992786
55,332.318500,316.303400,10.009700,16.015100,1992786
56,2362.266000,2244.153200,92.088100,118.112800,15269149
57,154.147600,146.140200,5.005000,8.007400,1100012
58,182.175000,174.167600,6.005500,8.007400,1254440
59,221.212500,212.204100,7.005700,9.008400,1252184
60,5396.177300,5103.899200,258.247500,292.278100,33706481
61,5372.153600,5125.917900,198.190100,246.235700,33706481
62,44.042200,42.040800,2.002400,2.001400,292795
63,3764.611300,3570.425300,161.154100,194.186000,24968065
64,214.204900,204.195600,6.006000,10.009300,1494056
65,1284.232000,1227.177300,43.041300,57.054700,8474152
66,292.279900,279.267900,9.008700,13.012000,1992786
67,339.325300,326.313100,10.009400,13.012200,1992786
68,2298.204500,2188.099100,90.086400,110.105400,15269149
69,155.148600,147.141700,5.005300,8.006900,1100012
70,246.235700,235.225100,7.006700,11.010600,1254440
71,288.276000,274.263300,16.015600,14.012700,1252184
72,5195.984200,4972.770800,172.164900,223.213400,33706481
73,5049.844200,4824.630000,173.166200,225.214200,33706481
74,44.042000,42.040600,1.000900,2.001400,292795
75,3701.551000,3523.380600,153.147200,178.170400,24968065
76,217.208600,206.198000,6.005700,11.010600,1494056
77,1328.274000,1269.218600,43.041000,59.055400,8474152
78,293.281400,279.268200,10.009900,14.013200,1992786
79,368.352600,350.335900,23.021800,18.016700,1992786
80,2326.231400,2219.128700,90.086200,107.102700,15269149
81,154.147900,147.141400,5.005000,7.006500,1100012
82,212.203500,189.181700,18.017000,23.021800,1254440
83,259.248000,245.235000,12.011600,14.013000,1252184
84,5312.096100,5078.872900,168.161300,233.223200,33706481
85,5027.823400,4790.596600,174.167300,237.226800,33706481
86,48.046300,46.045400,1.000900,2.000900,292795
87,3703.553000,3516.374500,157.151000,187.178500,24968065
88,216.207200,205.196600,8.008000,11.010600,1494056
89,1345.290400,1269.218700,49.046800,76.071700,8474152
90,298.285600,283.271700,10.009600,15.013900,1992786
91,362.347100,346.332300,10.009600,16.014800,1992786
92,2290.197100,2178.089800,91.087400,112.107300,15269149
93,156.149800,148.142100,5.005000,8.007700,1100012
94,202.193700,194.186500,6.005800,8.007200,1254440
95,280.268600,271.260200,6.006000,9.008400,1252184
96,5230.017100,4996.794300,171.164200,233.222800,33706481
97,5057.851900,4819.624100,174.167400,238.227800,33706481
98,43.041800,41.039800,2.001900,2.002000,292795
99,3720.569100,3540.396500,156.149600,180.172600,24968065
100,218.209100,207.198800,8.007700,11.010300,1494056
101,1341.286300,1282.230100,43.041000,59.056200,8474152
102,293.281300,279.268400,10.009700,14.012900,1992786
103,361.346400,347.333200,10.010100,14.013200,1992786
104,2351.255700,2240.149400,77.073900,111.106300,15269149
105,158.151700,150.144100,4.004400,8.007600,1100012
106,182.174800,173.166400,6.006000,9.008400,1254440
107,227.218000,218.209600,6.005700,9.008400,1252184
108,5379.160100,5100.894200,169.162000,278.265900,33706481
109,5037.832900,4810.616300,173.166400,227.216600,33706481
110,43.041300,41.039700,2.000900,2.001600,292795
111,3746.594500,3561.417300,158.151400,185.177200,24968065
112,215.206500,204.196700,6.005800,11.009800,1494056
113,1355.300200,1296.244600,58.055400,59.055600,8474152
114,291.279200,278.266900,10.009400,13.012300,1992786
115,367.352400,348.334900,26.025400,19.017500,1992786
116,2377.279800,2270.177100,76.073300,107.102700,15269149
117,155.148400,148.141900,5.005000,7.006500,1100012
118,242.231800,234.224700,7.006400,8.007100,1254440
119,258.248000,249.239300,7.007000,9.008700,1252184
120,5305.089100,5065.860300,201.193000,239.228800,33706481
121,4966.765000,4723.531900,207.198300,243.233100,33706481
122,44.042500,42.040600,2.002200,2.001900,292795
123,3667.517800,3490.348100,153.147000,177.169700,24968065
124,219.210300,208.200000,6.005800,11.010300,1494056
125,1377.321600,1318.266200,44.042000,59.055400,8474152
126,298.286100,285.274100,10.009600,13.012000,1992786
127,350.336100,336.322900,10.009300,14.013200,1992786
128,2329.234500,2218.127900,92.088000,111.106600,15269149
129,157.151100,148.142400,5.004800,9.008700,1100012
130,183.175500,174.167100,6.005800,9.008400,1254440
131,313.300300,305.293400,8.007700,8.006900,1252184
132,5309.093500,5060.856400,200.192000,248.237100,33706481
133,5067.861700,4824.629200,173.165900,243.232500,33706481
134,45.043000,43.041300,1.001000,2.001700,292795
135,3725.574100,3538.394500,157.150500,187.179600,24968065
136,216.207400,206.197800,8.007700,10.009600,1494056
137,1301.248300,1245.196300,41.039400,56.052000,8474152
138,298.285900,283.271700,11.010500,15.014200,1992786
139,349.335700,330.317200,10.009600,19.018500,1992786
