500,2353.550900,2226.430500,92.088100,127.120400,15269149
501,156.149800,148.143700,5.005000,8.006100,1100012
502,178.170900,169.162800,6.006300,9.008100,1254440
503,236.226900,227.218500,7.007300,9.008400,1252184
504,5302.906200,5058.513200,170.163200,244.393000,33706481
505,5044.839400,4821.627000,174.166800,223.212400,33706481
506,44.042000,42.040400,1.001000,2.001600,292795
507,3764.303300,3568.108700,159.152700,196.194600,24968065
508,216.207200,206.198100,6.005200,10.009100,1494056
509,1356.301400,1296.244800,44.041500,60.056600,8474152
510,301.289100,287.276400,10.009900,14.012700,1992786
511,325.341700,308.325200,20.018700,17.016500,1992786
512,2404.306500,2299.205700,101.097200,105.100800,15269149
513,156.150100,148.142400,5.004800,8.007700,1100012
514,197.189200,189.183000,6.005800,8.006200,1254440
515,229.219900,220.211500,6.006000,9.008400,1252184
516,5269.934100,5020.696600,190.182400,249.237500,33706481
517,5116.263500,4879.036600,176.169100,237.226900,33706481
518,44.042200,42.040300,1.000700,2.001900,292795
519,3729.647300,3534.815300,157.150200,194.832000,24968065
520,222.213500,212.203900,8.007700,10.009600,1494056
521,1318.264900,1258.207800,44.042700,60.057100,8474152
522,299.287100,286.274900,11.010500,13.012200,1992786
523,372.357000,358.344300,10.009800,14.012700,1992786
524,2319.111300,2212.923000,94.090600,106.188300,15269149
525,157.150800,149.144600,5.005500,8.006200,1100012
526,181.173800,173.166300,7.006800,8.007500,1254440
527,198.189900,189.181800,6.005500,9.008100,1252184
528,5279.462200,5030.224400,174.167100,249.237800,33706481
529,5086.185500,4811.923700,171.163900,274.261800,33706481
530,44.042200,42.040000,1.001200,2.002200,292795
531,3814.697200,3607.368600,157.150800,207.328600,24968065
532,233.223700,222.213400,11.010600,11.010300,1494056
533,1341.286500,1283.231500,46.044200,58.055000,8474152
534,296.309400,286.275200,10.009400,10.034200,1992786
535,332.318000,303.289400,9.008900,29.028600,1992786
536,2349.252700,2245.152800,78.075100,104.099900,15269149
537,166.160100,158.152200,5.004300,8.007900,1100012
538,202.193400,192.184300,8.007700,10.009100,1254440
539,196.188500,187.180300,6.006000,9.008200,1252184
540,5350.117000,5111.854100,211.202400,238.262900,33706481
541,5125.773600,4870.529800,203.195200,255.243800,33706481
542,44.042000,42.040000,1.000900,2.002000,292795
543,3806.184100,3611.203200,154.148200,194.980900,24968065
544,217.208100,207.198800,9.008400,10.009300,1494056
545,1337.282900,1274.223900,51.048900,63.059000,8474152
546,309.298000,295.283800,10.009900,14.014200,1992786
547,313.302100,300.288400,10.009900,13.013700,1992786
548,2340.667800,2236.439600,91.087400,104.228200,15269149
549,155.148900,147.142200,5.005000,8.006700,1100012
550,205.196800,195.188700,14.013400,10.008100,1254440
551,258.248000,249.239600,7.007000,9.008400,1252184
552,5344.781900,5056.506400,202.193900,288.275500,33706481
553,5101.066500,4859.835900,204.195900,241.230600,33706481
554,44.042300,42.040600,1.000900,2.001700,292795
555,3678.649000,3499.332500,154.148400,179.316500,24968065
556,218.209600,208.200300,9.008700,10.009300,1494056
557,1363.283100,1301.224000,42.040300,62.059100,8474152
558,295.283600,281.270600,10.009400,14.013000,1992786
559,308.295700,294.283800,12.011500,14.011900,1992786
560,2310.216000,2203.113200,91.087100,107.102800,15269149
561,155.148800,147.141400,5.004500,8.007400,1100012
562,180.172300,172.164700,6.005700,8.007600,1254440
563,320.306800,312.299300,7.007000,8.007500,1252184
564,5262.356100,5031.135500,173.166100,231.220600,33706481
565,5059.895800,4836.682700,172.165100,223.213100,33706481
566,44.042000,42.040100,1.000900,2.001900,292795
567,3737.386400,3550.405500,134.128700,186.980900,24968065
568,217.207400,207.198000,6.005800,10.009400,1494056
569,1361.745000,1303.690500,43.041800,58.054500,8474152
570,292.280400,279.267900,10.009600,13.012500,1992786
571,380.364600,366.351700,10.009800,14.012900,1992786
572,2349.008200,2229.158400,92.088300,119.849800,15269149
573,156.149300,149.143100,5.005100,7.006200,1100012
574,179.171900,171.164400,6.005200,8.007500,1254440
575,232.223100,224.216200,6.005800,8.006900,1252184
576,5258.983500,5014.750200,201.193000,244.233300,33706481
577,5069.531400,4799.272900,186.178600,270.258500,33706481
578,44.042000,42.040000,1.001000,2.002000,292795
579,3734.138100,3537.433800,156.150000,196.704300,24968065
580,214.205800,204.197400,6.005700,10.008400,1494056
581,1395.338300,1338.283900,47.045200,57.054400,8474152
582,293.281600,280.269200,9.008700,13.012400,1992786
583,344.359700,329.345800,9.009200,15.013900,1992786
584,2335.804000,2211.347500,92.088300,124.456500,15269149
585,154.148100,147.141600,4.003600,7.006500,1100012
586,209.201300,195.187300,10.009300,14.014000,1254440
587,241.250800,233.243700,7.006900,8.007100,1252184
588,5310.132500,5059.893500,172.165200,250.239000,33706481
589,5149.396700,4876.136100,207.198700,273.260600,33706481
590,72.068900,69.066000,2.001600,3.002900,292795
591,3678.334100,3493.229900,156.149800,185.104200,24968065
592,215.206400,204.196100,6.005700,11.010300,1494056
593,1352.282200,1292.224800,41.039100,60.057400,8474152
594,286.286900,279.268400,10.010100,7.018500,1992786
595,348.367200,344.330300,10.009400,4.036900,1992786
596,2382.285200,2272.179600,100.096000,110.105600,15269149
597,155.148900,147.141400,5.004800,8.007500,1100012
598,204.195700,194.186300,7.007000,10.009400,1254440
599,215.234600,205.225200,8.008200,10.009400,1252184
600,5359.068300,5099.820800,206.197800,259.247500,33706481
601,5069.600800,4817.360800,180.172800,252.240000,33706481
602,45.043200,43.041000,1.001000,2.002200,292795
603,3730.290100,3554.122100,155.148300,176.168000,24968065
604,217.207900,207.198500,9.008300,10.009400,1494056
605,1324.270700,1265.214300,42.040000,59.056400,8474152
606,296.296800,287.276600,10.009600,9.020200,1992786
607,296.300700,293.282200,10.009600,3.018500,1992786
608,2303.390200,2196.443600,76.073300,106.946600,15269149
609,157.150700,149.143300,4.004100,8.007400,1100012
610,212.203800,204.196200,6.005800,8.007600,1254440
611,231.221800,223.214400,6.006000,8.007400,1252184
612,5306.185600,5057.948000,170.163300,248.237600,33706481
613,4954.787300,4725.568500,173.165900,229.218800,33706481
614,45.043000,43.041300,1.000900,2.001700,292795
615,3786.069700,3586.980300,173.165900,199.089400,24968065
616,217.208100,207.199000,6.005800,10.009100,1494056
617,1394.337400,1336.282800,43.041300,58.054600,8474152
618,286.288200,278.267200,11.010800,8.021000,1992786
619,328.315000,314.301800,10.010100,14.013200,1992786
620,2322.809700,2198.691100,77.074000,124.118600,15269149
621,158.151800,150.145400,6.005500,8.006400,1100012
622,183.175700,174.167600,7.006700,9.008100,1254440
623,219.210500,209.201200,7.007000,10.009300,1252184
624,5241.796700,4991.557200,172.165200,250.239500,33706481
625,5008.072400,4720.798900,172.165100,287.273500,33706481
626,44.042300,42.040400,1.000700,2.001900,292795
627,3784.440800,3599.072200,158.151500,185.368600,24968065
628,216.207600,205.197300,6.005500,11.010300,1494056
629,1321.267800,1266.216500,42.040300,55.051300,8474152
630,298.286200,283.271800,10.009400,15.014400,1992786
631,342.328900,308.297300,9.008400,34.031600,1992786
632,2358.262100,2251.159400,92.088600,107.102700,15269149
633,156.150100,148.142400,5.005000,8.007700,1100012
634,184.176900,176.169500,6.005700,8.007400,1254440
635,200.192100,191.183700,7.007200,9.008400,1252184
636,5252.041600,5005.778700,171.164200,246.262900,33706481
637,5046.640100,4821.426300,172.165200,225.213800,33706481
638,43.041500,41.039400,1.000700,2.002100,292795
639,3743.591700,3536.392600,155.148500,207.199100,24968065
640,215.206200,205.196900,6.005800,10.009300,1494056
641,1365.309800,1307.254600,41.039400,58.055200,8474152
642,295.283200,282.272000,9.008700,13.011200,1992786
643,326.331000,312.317800,10.009600,14.013200,1992786
644,2340.931400,2232.692800,77.074200,108.238600,15269149
645,157.150800,149.143100,5.005500,8.007700,1100012
646,183.175500,174.167300,6.006100,9.008200,1254440
647,238.285400,229.276800,6.006000,9.008600,1252184
648,5228.797200,4978.558200,200.192100,250.239000,33706481
649,5124.895800,4878.660300,194.186100,246.235500,33706481
650,44.042200,42.040300,1.001000,2.001900,292795
651,3765.265800,3570.425200,130.124500,194.840600,24968065
652,216.207400,206.198000,6.006000,10.009400,1494056
653,1398.993700,1321.920600,42.040300,77.073100,8474152
654,291.279700,277.266300,9.008600,14.013400,1992786
655,332.319100,316.303700,10.009600,16.015400,1992786
656,2394.296100,2289.195300,78.074900,105.100800,15269149
657,157.151000,149.143600,5.004800,8.007400,1100012
658,206.197600,197.190000,6.005500,9.007600,1254440
659,286.275400,263.253300,11.011300,23.022100,1252184
660,5340.466000,5086.222900,171.164500,254.243100,33706481
661,5070.902800,4823.666900,174.166600,247.235900,33706481
662,44.042300,42.040400,2.001900,2.001900,292795
663,3731.837400,3548.977600,158.151500,182.859800,24968065
664,216.207500,206.198100,6.005800,10.009400,1494056
665,1331.387500,1273.332600,43.041600,58.054900,8474152
666,294.282300,281.270100,10.009300,13.012200,1992786
667,360.345700,345.332300,23.021600,15.013400,1992786
668,2336.241700,2229.484800,94.090000,106.756900,15269149
669,154.147400,147.141200,5.005100,7.006200,1100012
670,179.172200,171.164200,6.005700,8.008000,1254440
671,243.232500,235.225400,7.006700,8.007100,1252184
672,5263.523100,5039.309500,200.192000,224.213600,33706481
673,5029.613000,4806.399600,173.166400,223.213400,33706481
674,45.042700,43.041000,1.001000,2.001700,292795
675,3721.273800,3545.105500,148.142100,176.168300,24968065
676,222.212900,211.202600,7.006800,11.010300,1494056
677,1311.291200,1252.235800,42.040400,59.055400,8474152
678,296.284000,283.272300,10.009300,13.011700,1992786
679,327.313700,313.300800,10.009600,14.012900,1992786
680,2335.496800,2221.058600,92.088300,114.438200,15269149
681,158.151500,150.144500,6.005800,8.007000,1100012
682,208.199700,197.189700,8.007600,11.010000,1254440
683,255.244600,245.235600,7.006800,10.009000,1252184
684,5357.601100,5107.363300,171.164000,250.237800,33706481
685,5131.640900,4872.393700,175.168300,259.247200,33706481
686,44.042300,42.040300,1.001000,2.002000,292795
687,3740.588500,3537.393800,158.151500,203.194700,24968065
688,216.207400,206.197800,8.007700,10.009600,1494056
689,1335.281000,1275.224700,43.041300,60.056300,8474152
690,296.284200,282.270800,9.008400,14.013400,1992786
691,366.370100,364.350000,11.010600,2.020100,1992786
692,2380.512100,2250.074900,92.088300,130.437200,15269149
693,157.150800,149.143100,5.004600,8.007700,1100012
694,203.220500,194.186800,6.005500,9.033700,1254440
695,225.215800,215.206700,6.005800,10.009100,1252184
696,5299.206500,5047.967000,169.162300,251.239500,33706481
697,5092.720900,4833.473300,173.166100,259.247600,33706481
698,43.041500,41.039100,1.001000,2.002400,292795
699,3755.761300,3531.547200,157.150700,224.214100,24968065
700,218.208800,207.199000,8.007700,11.009800,1494056
701,1291.238700,1235.186800,42.040500,56.051900,8474152
702,292.280700,278.267500,10.009100,14.013200,1992786
703,327.314200,310.298200,23.022100,17.016000,1992786
704,2307.213600,2198.108900,92.088100,109.104700,15269149
705,156.149800,148.142100,5.005300,8.007700,1100012
706,189.182300,171.165000,7.006700,18.017300,1254440
707,365.350200,354.340200,7.006700,11.010000,1252184
708,5373.382700,5120.140600,172.165400,253.242100,33706481
709,5063.984400,4827.758600,196.187200,236.225800,33706481
710,44.041700,42.039500,1.001000,2.002200,292795
711,3722.866600,3500.427700,155.148900,222.438900,24968065
712,216.207400,205.197100,6.005800,11.010300,1494056
713,1375.772500,1312.713500,44.042600,63.059000,8474152
714,303.291500,280.270200,9.008600,23.021300,1992786
715,326.327600,323.310400,9.008700,3.017200,1992786
716,2400.592800,2283.529800,77.074000,117.063000,15269149
717,156.149800,149.143800,5.005000,7.006000,1100012
718,239.229300,231.222600,8.007900,8.006700,1254440
719,269.258900,256.246900,9.008600,13.012000,1252184
720,5338.718500,5104.494600,169.162300,234.223900,33706481
721,5093.833000,4865.615300,175.168300,228.217700,33706481
722,48.046400,46.044400,1.000700,2.002000,292795
723,3720.566700,3537.391500,156.150000,183.175200,24968065
724,214.205700,203.195700,6.006000,11.010000,1494056
725,1337.277600,1279.224200,44.042500,58.053400,8474152
726,314.458100,301.289500,10.009600,13.168600,1992786
727,360.345700,343.329700,12.011300,17.016000,1992786
728,2359.263400,2255.163500,100.096100,104.099900,15269149
729,154.147400,147.140900,4.003800,7.006500,1100012
730,183.175700,174.167300,8.007400,9.008400,1254440
731,232.222700,223.214400,6.005700,9.008300,1252184
732,5352.244600,5102.005300,195.187500,250.239300,33706481
733,5182.518300,4931.278800,180.173400,251.239500,33706481
734,44.042300,42.040300,2.001900,2.002000,292795
735,3733.481200,3524.280700,128.123200,209.200500,24968065
736,215.206200,205.197100,6.005500,10.009100,1494056
737,1302.141500,1242.084900,46.044700,60.056600,8474152
738,293.281400,280.269600,10.009300,13.011800,1992786
739,347.368000,333.354800,10.009600,14.013200,1992786
740,2306.060100,2190.101000,77.074500,115.959100,15269149
741,158.152000,150.144800,5.005100,8.007200,1100012
742,201.193200,192.184900,7.007000,9.008300,1254440
743,293.281100,283.272500,8.007700,10.008600,1252184
744,5266.877300,5044.664900,169.162300,222.212400,33706481
745,5051.846600,4822.627800,171.164000,229.218800,33706481
746,44.042800,42.040600,2.002200,2.002200,292795
747,3794.541200,3598.353000,159.153000,196.188200,24968065
748,214.205500,203.194900,5.004800,11.010600,1494056
749,1282.249800,1224.175200,42.040300,58.074600,8474152
750,294.282600,280.269600,10.009600,14.013000,1992786
751,338.324800,324.311300,10.010400,14.013500,1992786
752,2330.431000,2207.948600,91.087300,122.482400,15269149
753,157.150800,148.142400,5.005000,9.008400,1100012
754,197.189700,176.169500,10.010400,21.020200,1254440
755,230.220900,220.211800,6.005800,10.009100,1252184
756,5373.864800,5138.639900,171.163900,235.224900,33706481
757,5072.980700,4807.727800,174.166900,265.252900,33706481
758,44.042500,42.040600,2.001900,2.001900,292795
759,3733.581500,3548.403800,165.158700,185.177700,24968065
760,218.209300,207.199300,8.007700,11.010000,1494056
761,1331.276700,1276.224600,44.042000,55.052100,8474152
762,297.284900,282.271500,10.009600,15.013400,1992786
763,324.311400,305.293400,10.009600,19.018000,1992786
764,2379.050100,2253.944900,92.088300,125.105200,15269149
765,156.150000,149.144100,5.004600,7.005900,1100012
766,179.171400,171.164200,5.005000,8.007200,1254440
767,259.249500,236.228400,16.015100,23.021100,1252184
768,5322.688400,5084.462100,169.162300,238.226300,33706481
769,5054.963500,4808.728000,174.167100,246.235500,33706481
770,49.046800,47.044800,1.001000,2.002000,292795
771,3746.231000,3566.058600,160.153900,180.172400,24968065
772,217.208600,206.198300,8.008000,11.010300,1494056
773,1353.139500,1286.077200,48.046900,67.062300,8474152
774,292.280200,278.267200,9.008600,14.013000,1992786
775,319.326600,305.313400,9.008600,14.013200,1992786
776,2372.877500,2265.959800,91.087400,106.917700,15269149
777,154.147900,147.141400,5.005100,7.006500,1100012
778,198.190100,189.181700,7.006900,9.008400,1254440
779,317.304900,307.294800,6.006000,10.010100,1252184
780,5350.737500,5087.486000,170.163200,263.251500,33706481
781,5077.034800,4825.795100,172.165100,251.239700,33706481
782,43.041300,41.039400,2.001900,2.001900,292795
783,3797.114100,3582.908800,165.158200,214.205300,24968065
784,218.209600,207.199100,8.007700,11.010500,1494056
785,1305.251900,1247.196800,41.039600,58.055100,8474152
786,296.284200,283.272200,11.010800,13.012000,1992786
787,385.369700,365.350500,10.009600,20.019200,1992786
788,2329.638700,2213.937000,90.086500,115.701700,15269149
789,158.152000,150.144300,5.005000,8.007700,1100012
790,191.183700,183.176200,7.006800,8.007500,1254440
791,202.194000,192.184600,6.005800,10.009400,1252184
792,5266.335300,5009.089700,203.195200,257.245600,33706481
793,5085.375300,4818.119900,190.181700,267.255400,33706481
794,44.042200,42.040100,1.001000,2.002100,292795
795,3738.178300,3519.736200,154.148100,218.442100,24968065
796,217.208300,206.197800,7.006700,11.010500,1494056
797,1277.480000,1219.425800,42.040300,58.054200,8474152
798,293.281100,279.268200,11.010900,14.012900,1992786
799,330.316700,313.301100,12.011000,17.015600,1992786
800,2341.548600,2233.648700,92.088300,107.899900,15269149
801,154.148100,147.141400,4.003800,7.006700,1100012
802,178.197600,170.190400,6.032700,8.007200,1254440
803,219.210600,207.199100,9.009100,12.011500,1252184
804,5301.050200,5041.802300,173.166400,259.247900,33706481
805,5102.578500,4830.318300,180.173100,272.260200,33706481
806,43.041300,41.039900,2.002200,2.001400,292795
807,3749.341700,3565.444300,163.156800,183.897400,24968065
808,214.205500,204.195900,6.005700,10.009600,1494056
809,1279.226900,1223.174400,43.041000,56.052500,8474152
810,295.283100,281.270600,10.009600,14.012500,1992786
811,338.325300,311.299100,10.009300,27.026200,1992786
812,2303.589700,2180.203600,76.072900,123.386100,15269149
813,155.148400,148.142200,5.005100,7.006200,1100012
814,287.275600,275.265100,12.010700,12.010500,1254440
815,321.347600,313.340400,6.006000,8.007200,1252184
816,5265.702700,4999.448600,170.163000,266.254100,33706481
817,5144.079100,4889.837000,174.167100,254.242100,33706481
818,44.041800,42.039800,1.001000,2.002000,292795
819,3789.681600,3579.561400,160.153400,210.120200,24968065
820,214.205700,204.196400,6.006000,10.009300,1494056
821,1309.256000,1251.200600,44.042000,58.055400,8474152
822,299.287200,286.274700,12.012000,13.012500,1992786
823,321.442100,308.296000,10.009600,13.146100,1992786
824,2383.402100,2278.335600,77.074100,105.066500,15269149
825,156.396300,148.388900,5.005000,8.007400,1100012
826,205.217100,196.208400,6.006000,9.008700,1254440
827,224.214900,215.207000,8.007700,9.007900,1252184
828,5246.562300,4992.319400,169.162600,254.242900,33706481
829,5022.095100,4773.857700,171.164000,248.237400,33706481
830,44.042500,42.040300,1.001000,2.002200,292795
831,3802.406900,3590.203800,152.146000,212.203100,24968065
832,236.226800,225.216300,8.007600,11.010500,1494056
833,1345.290000,1287.235400,42.040800,58.054600,8474152
834,302.290500,279.268500,10.009600,23.022000,1992786
835,346.345600,343.329700,9.008700,3.015900,1992786
836,2328.176700,2221.262100,105.101100,106.914600,15269149
837,155.149400,147.141500,5.005000,8.007900,1100012
838,204.193600,193.183300,15.014200,11.010300,1254440
839,275.263800,267.256600,7.006700,8.007200,1252184
840,5334.900800,5073.651500,171.164200,261.249300,33706481
841,5038.413900,4810.195700,182.174800,228.218200,33706481
842,48.046100,46.044200,2.001700,2.001900,292795
843,3770.431400,3570.239600,155.148800,200.191800,24968065
844,214.205500,203.195200,6.006000,11.010300,1494056
845,1312.258900,1254.204200,43.041000,58.054700,8474152
846,298.285900,285.274400,10.009600,13.011500,1992786
847,316.322400,310.298500,25.023300,6.023900,1992786
848,2312.253300,2186.849900,92.088400,125.403400,15269149
849,156.149800,148.142600,4.003800,8.007200,1100012
850,199.191300,179.173400,12.011800,20.017900,1254440
851,330.316400,321.308000,7.007000,9.008400,1252184
852,5305.926500,5034.667800,172.164900,271.258700,33706481
853,5025.611500,4800.396300,173.166100,225.215200,33706481
854,44.042500,42.040400,2.002000,2.002100,292795
855,3795.552900,3582.097300,156.149800,213.455600,24968065
856,217.208400,207.199500,6.006000,10.008900,1494056
857,1345.290600,1286.234700,42.040100,59.055900,8474152
858,294.281800,281.269600,11.010800,13.012200,1992786
859,366.351400,342.328600,26.024500,24.022800,1992786
860,2340.147600,2227.556900,76.073300,112.590700,15269149
861,155.148500,148.142300,5.005300,7.006200,1100012
862,184.176400,175.168000,8.008000,9.008400,1254440
863,251.241200,229.221400,10.010400,22.019800,1252184
864,5284.068900,5049.845000,184.176700,234.223900,33706481
865,5080.677100,4832.439500,175.168000,248.237600,33706481
866,43.041300,41.039100,2.001900,2.002200,292795
867,3747.594900,3549.404800,159.152700,198.190100,24968065
868,216.207400,205.197100,6.006000,11.010300,1494056
869,1309.256000,1254.204500,43.041300,55.051500,8474152
870,296.284200,282.270800,11.010600,14.013400,1992786
871,316.317600,307.295400,11.010800,9.022200,1992786
872,2328.232700,2220.129500,77.074000,108.103200,15269149
873,158.150900,150.143700,6.005700,8.007200,1100012
874,181.173800,173.166400,6.006300,8.007400,1254440
875,251.241800,236.227100,7.006700,15.014700,1252184
876,5347.129200,5122.915100,201.193000,224.214100,33706481
877,5098.363400,4848.124800,214.205500,250.238600,33706481
878,44.042500,42.040300,2.001900,2.002200,292795
879,3767.967100,3576.695100,159.152400,191.272000,24968065
880,216.207600,205.197300,6.005800,11.010300,1494056
881,1317.263700,1261.210700,43.041000,56.053000,8474152
882,298.286200,283.272800,10.010100,15.013400,1992786
883,335.321700,320.307800,11.010600,15.013900,1992786
884,2402.830700,2286.927900,93.089100,115.902800,15269149
885,154.147800,147.141100,5.005100,7.006700,1100012
886,198.190400,190.182700,6.006300,8.007700,1254440
887,230.220800,218.209500,9.008400,12.011300,1252184
888,5293.183300,5041.942700,171.164000,251.240600,33706481
889,5057.667900,4800.421900,174.167300,257.246000,33706481
890,44.042500,42.040400,1.001000,2.002100,292795
891,3785.267900,3578.069900,159.152700,207.198000,24968065
892,214.205500,203.195500,6.006300,11.010000,1494056
893,1328.274000,1270.219400,43.041500,58.054600,8474152
894,293.280800,280.269100,10.009300,13.011700,1992786
895,304.293000,289.277800,11.010500,15.015200,1992786
896,2349.195100,2242.537800,91.087700,106.657300,15269149
897,155.148900,147.141200,5.004600,8.007700,1100012
898,181.174100,172.165700,7.006900,9.008400,1254440
899,204.195700,195.187300,8.007600,9.008400,1252184
900,5221.216800,4974.981100,170.163500,246.235700,33706481
901,5067.775500,4819.539100,173.166100,248.236400,33706481
902,44.042200,42.040500,1.001000,2.001700,292795
903,3744.312300,3565.140900,159.152900,179.171400,24968065
904,214.205000,204.195400,6.006000,10.009600,1494056
905,1288.235300,1229.179700,43.041600,59.055600,8474152
906,294.282300,280.269100,10.009600,14.013200,1992786
907,343.329100,330.317100,11.010300,13.012000,1992786
908,2336.114000,2231.411700,90.086400,104.702300,15269149
909,157.150800,149.143300,5.005300,8.007500,1100012
910,237.227600,225.216300,10.009900,12.011300,1254440
911,231.221500,222.213100,7.006800,9.008400,1252184
912,5221.022300,4983.778500,172.164900,237.243800,33706481
913,5085.526500,4848.300500,174.167400,237.226000,33706481
914,44.042300,42.040400,1.001000,2.001900,292795
915,3724.572900,3532.388500,158.151700,192.184400,24968065
916,218.209300,207.202100,7.006700,11.007200,1494056
917,1341.355900,1283.301700,42.040300,58.054200,8474152
918,292.280200,278.267200,10.009400,14.013000,1992786
919,328.315000,314.302600,11.010900,14.012400,1992786
920,2286.201900,2183.593200,93.089300,102.608700,15269149
921,155.148800,147.141100,5.005100,8.007700,1100012
922,178.170600,169.162300,5.005000,9.008300,1254440
923,213.204600,205.197100,6.005800,8.007500,1252184
924,5248.067900,5023.834600,172.164600,224.233300,33706481
925,5126.781200,4874.541200,172.165100,252.240000,33706481
926,44.042500,42.040300,1.001000,2.002200,292795
927,3832.676800,3633.486000,159.153000,199.190800,24968065
928,217.208300,206.197800,6.005700,11.010500,1494056
929,1325.993300,1259.917400,45.043000,66.075900,8474152
930,298.285900,279.267400,9.008600,19.018500,1992786
931,327.312400,313.299700,10.009600,14.012700,1992786
932,2285.012000,2176.088100,92.088100,108.923900,15269149
933,155.148900,148.142900,5.004800,7.006000,1100012
934,223.214100,211.203400,7.007000,12.010700,1254440
935,213.204600,200.192100,6.006000,13.012500,1252184
936,5358.329000,5112.093800,172.165200,246.235200,33706481
937,5014.346300,4782.124500,174.167100,232.221800,33706481
938,44.042000,42.040600,1.001000,2.001400,292795
939,3787.054000,3593.868700,159.152900,193.185300,24968065
940,216.207400,206.198400,8.007400,10.009000,1494056
941,1328.579900,1270.526300,43.041500,58.053600,8474152
942,286.287500,280.269200,10.009600,6.018300,1992786
943,345.331100,331.318700,21.020100,14.012400,1992786
944,2418.076500,2311.908400,81.077800,106.168100,15269149
945,157.151500,149.144100,5.005000,8.007400,1100012
946,189.181200,180.173100,8.008200,9.008100,1254440
947,225.216100,216.207400,7.007000,9.008700,1252184
948,5335.798100,5065.540100,212.203600,270.258000,33706481
949,5099.893000,4852.656400,203.194700,247.236600,33706481
950,44.042000,42.040400,2.002000,2.001600,292795
951,3780.190600,3563.474500,155.148800,216.716100,24968065
952,214.205500,204.196700,6.005500,10.008800,1494056
953,1365.309300,1306.253700,42.040300,59.055600,8474152
954,298.286100,283.272200,10.009600,15.013900,1992786
955,332.318800,317.304900,10.009600,15.013900,1992786
956,2373.656400,2264.372800,79.075800,109.283600,15269149
957,155.148900,148.142700,4.004100,7.006200,1100012
958,254.244200,242.233200,9.008400,12.011000,1254440
959,249.239100,241.231700,7.007000,8.007400,1252184
960,5312.590400,5059.347900,200.191800,253.242500,33706481
961,5102.308900,4850.068700,204.196100,252.240200,33706481
962,44.042200,42.040300,1.000900,2.001900,292795
963,3762.427100,3582.255000,160.153700,180.172100,24968065
964,217.208400,207.198800,6.005800,10.009600,1494056
965,1305.252200,1247.197300,43.041300,58.054900,8474152
966,294.282600,281.270400,10.009800,13.012200,1992786
967,302.290000,289.278000,10.009600,13.012000,1992786
968,2316.533100,2196.351000,78.074300,120.182100,15269149
969,157.207600,149.143900,6.006200,8.063700,1100012
970,206.197800,195.187500,7.007000,11.010300,1254440
971,267.257100,241.232400,7.007000,26.024700,1252184
972,5380.314200,5090.036300,172.164700,290.277900,33706481
973,5077.307200,4824.065000,174.167100,253.242200,33706481
974,44.042300,42.040600,1.001000,2.001700,292795
975,3835.158700,3636.231300,155.148900,198.927400,24968065
976,217.208600,206.198300,7.006800,11.010300,1494056
977,1336.281900,1276.225600,41.038900,60.056300,8474152
978,319.306600,305.293400,10.009600,14.013200,1992786
979,330.316600,309.297000,10.009100,21.019600,1992786
980,2377.825400,2249.157700,92.088300,128.667700,15269149
981,157.150300,149.142600,4.003600,8.007700,1100012
982,221.212800,213.204800,7.007200,8.008000,1254440
983,229.219900,221.212700,6.006000,8.007200,1252184
984,5304.628500,5056.391400,193.185300,248.237100,33706481
985,5057.934600,4831.718400,173.166400,226.216200,33706481
986,43.041300,41.039400,2.001900,2.001900,292795
987,3757.685200,3551.487900,159.153500,206.197300,24968065
988,216.207400,205.197400,6.006200,11.010000,1494056
989,1322.843500,1259.784300,41.039400,63.059200,8474152
990,294.282300,280.269400,10.009800,14.012900,1992786
991,342.328100,329.315900,11.010800,13.012200,1992786
992,2434.351400,2324.246600,77.074200,110.104800,15269149
993,157.151000,149.143500,4.004100,8.007500,1100012
994,254.244400,228.218900,8.007900,26.025500,1254440
995,255.245100,243.234100,10.009100,12.011000,1252184
996,5352.967000,5091.717400,170.163200,261.249600,33706481
997,5031.827200,4799.605200,173.165100,232.222000,33706481
998,44.042300,42.040600,1.001000,2.001700,292795
999,3699.487400,3509.905800,158.151700,189.581600,24968065
